10.147120181405896
10.727619047619047
11.331337868480725
11.911836734693878
12.469115646258503
13.049614512471654
13.606893424036281
14.210612244897959
14.767891156462586
15.348390022675737
15.928888888888888
16.50938775510204
17.08988662131519
17.670385487528346
18.22766439909297
18.808163265306124
19.388662131519276
19.969160997732427
20.54965986394558
21.13015873015873
21.687437641723356
22.267936507936508
22.84843537414966
23.42893424036281
24.009433106575965
24.589931972789117
25.170430839002268
25.75092970521542
26.308208616780046
26.888707482993198
27.46920634920635
28.026485260770976
28.606984126984127
29.210702947845807
29.791201814058958
30.37170068027211
30.928979591836736
31.532698412698412
32.08997732426304
32.670476190476194
33.22775510204082
33.8314739229025
34.38875283446712
34.969251700680275
35.54975056689342
36.13024943310658
36.6875283446712
37.29124716553288
37.8485260770975
38.42902494331066
39.00952380952381
39.59002267573696
40.147301587301584
40.72780045351474
41.308299319727894
41.912018140589566
42.4692970521542
43.049795918367344
43.6302947845805
44.210793650793654
44.76807256235828
45.348571428571425
45.92907029478458
46.509569160997735
47.09006802721088
47.67056689342404
48.251065759637186
48.83156462585034
49.412063492063496
49.99256235827664
50.54984126984127
51.13034013605442
51.710839002267576
52.291337868480724
52.87183673469388
53.45233560090703
54.00961451247166
54.590113378684805
55.17061224489796
55.75111111111111
56.30839002267574
56.888888888888886
57.46938775510204
58.049886621315196
58.60716553287982
59.187664399092974
59.76816326530612
60.3718820861678
60.929160997732424
61.50965986394558
62.09015873015873
62.67065759637188
63.227936507936505
63.80843537414966
64.38893424036281
64.96943310657596
65.54993197278911
66.13043083900227
66.71092970521542
67.29142857142857
67.84870748299319
68.42920634920635
69.0097052154195
69.59020408163265
70.14748299319727
70.75120181405896
71.3317006802721
71.91219954648525
72.46947845804989
73.04997732426304
73.60725623582766
74.18775510204081
74.76825396825397
75.37197278911565
75.92925170068027
76.50975056689343
77.09024943310658
77.67074829931973
78.25124716553287
78.83174603174604
79.38902494331066
79.99274376417233
80.55002267573695
81.13052154195012
81.68780045351474
82.26829931972789
82.84879818594105
83.45251700680272
84.00979591836735
84.5902947845805
85.17079365079366
85.7512925170068
86.30857142857143
86.88907029478457
87.46956916099774
88.05006802721088
88.6073469387755
89.18784580498867
89.79156462585034
90.37206349206349
90.92934240362811
91.50984126984127
92.0671201814059
92.67083900226757
93.25133786848073
93.83183673469388
94.41233560090703
94.99283446712018
95.55011337868481
96.13061224489796
96.71111111111111
97.29160997732426
97.87210884353742
98.45260770975057
99.03310657596371
99.61360544217688
100.1708843537415
100.75138321995465
101.3318820861678
101.91238095238096
102.46965986394558
103.05015873015873
103.63065759637188
104.21115646258504
104.76843537414966
105.34893424036281
105.92943310657597
106.50993197278912
107.06721088435374
107.67092970521541
108.25142857142858
108.83192743764172
109.38920634920635
109.9697052154195
110.52698412698413
111.1307029478458
111.68798185941043
112.26848072562358
112.84897959183674
113.42947845804989
114.00997732426303
114.5904761904762
115.14775510204082
115.75147392290249
116.30875283446711
116.88925170068028
117.46975056689342
118.05024943310657
118.6075283446712
119.18802721088436
119.7685260770975
120.39546485260772
121.02240362811791
121.64934240362811
122.2530612244898
122.83356009070295
123.39083900226757
123.97133786848073
124.55183673469388
125.13233560090703
125.68961451247165
126.27011337868481
126.87383219954648
127.45433106575963
128.03482993197278
128.5921088435374
129.17260770975057
129.75310657596373
130.31038548752835
130.89088435374148
131.47138321995465
132.02866213151927
132.5859410430839
133.14321995464852
133.70049886621314
134.2577777777778
134.79183673469387
135.3491156462585
135.92961451247166
136.51011337868482
137.09061224489795
137.67111111111112
138.25160997732425
138.8321088435374
139.38938775510204
139.9698866213152
140.55038548752833
141.1308843537415
141.68816326530612
142.26866213151928
142.84916099773244
143.42965986394557
144.01015873015874
144.59065759637187
145.17115646258503
145.7516553287982
146.30893424036282
146.88943310657595
147.4699319727891
148.05043083900227
148.6077097505669
149.21142857142857
149.79192743764173
150.37242630385487
150.9297052154195
151.51020408163265
152.06748299319727
152.67120181405895
153.22848072562357
153.80897959183673
154.3894784580499
154.96997732426303
155.5504761904762
156.13097505668935
156.68825396825397
157.2687528344671
157.84925170068027
158.42975056689343
159.01024943310657
159.59074829931973
160.14802721088435
160.7285260770975
161.30902494331065
161.91274376417235
162.47002267573697
163.0505215419501
163.63102040816327
164.21151927437643
164.76879818594105
165.34929705215418
165.92979591836735
166.5102947845805
167.09079365079364
167.6712925170068
168.25179138321997
168.8322902494331
169.38956916099772
169.97006802721089
170.55056689342405
171.13106575963718
171.6883446712018
172.26884353741497
172.84934240362813
173.42984126984126
174.01034013605442
174.5908390022676
175.1481179138322
